55
122
188
175
39
28
0
4
254
71
141
214
144
4
0
0
0
0
0
0
39
0
0
0
0
0
0
0
4
195
108
195
151
118
129
232
235
31
154
50
33
198
208
17
213
33
36
157
120
174
90
194
203
164
236
187
31
88
208
130
89
172
61
131
138
87
243
75
219
195
175
166
122
145
145
211
24
134
243
243
254
30
170
136
114
132
36
93
238
73
188
165
113
26
243
73
98
255
243
105
212
142
190
50
67
161
197
5
203
90
137
96
209
51
153
173
69
87
220
119
51
88
243
241
160
12
239
138
168
140
246
42
50
201
9
39
93
230
75
122
181
44
60
96
9
150
210
53
183
38
160
13
81
84
235
126
245
25
25
122
214
114
1
22
113
43
255
73
247
16
49
212
176
154
137
153
194
114
63
174
82
178
251
128
89
6
222
53
88
248
60
114
65
189
140
233
134
85
165
162
91
4
199
220
0
238
71
225
129
249
94
42
204
79
45
32
19
71
80
232
206
238
108
167
217
13
215
203
46
58
234
55
150
51
189
221
58
42
74
40
118
184
188
93
168
210
44
145
104
182
197
205
6
127
27
219
86
110
79
203
129
239
237
88
169
38
194
17
54
149
61
90
92
140
133
249
157
103
1
213
104
159
121
54
73
228
18
129
110
78
74
166
41
208
38
171
253
254
121
2
67
69
157
206
65
199
223
35
225
11
56
30
224
248
20
17
200
141
114
39
199
77
92
63
111
239
128
145
58
6
142
163
87
241
3
148
86
97
230
41
246
244
243
180
8
150
243
24
68
151
233
46
216
53
86
185
220
71
105
250
222
65
130
211
41
227
44
126
198
9
72
194
172
63
201
234
17
186
38
158
219
127
86
173
248
128
215
224
126
95
6
30
23
59
174
80
124
202
40
10
36
222
101
48
48
26
34
24
150
236
27
232
141
136
80
123
193
182
238
210
216
56
18
211
93
172
45
49
238
253
5
95
90
219
241
71
61
239
41
111
80
100
158
10
159
41
224
242
217
119
59
230
15
176
26
224
220
56
15
122
79
105
200
206
124
38
140
29
180
151
93
195
160
205
39
162
67
227
170
113
139
168
160
174
149
83
68
62
134
201
33
221
208
98
218
210
95
244
143
32
6
124
132
31
3
23
70
159
13
45
180
39
158
223
253
197
45
232
218
183
151
161
178
26
4
1
231
149
162
123
147
217
153
139
235
9
220
116
29
105
180
210
69
137
248
222
149
59
201
20
242
10
188
143
147
91
39
181
170
89
108
143
215
153
42
98
136
28
150
176
149
71
248
49
140
66
194
213
30
139
207
15
138
126
174
29
58
27
42
153
217
136
42
177
233
215
137
189
253
65
101
110
113
100
138
41
195
188
35
170
69
71
45
58
201
83
47
137
65
67
98
95
91
145
86
25
190
1
3
72
202
108
61
86
103
215
45
13
131
219
180
17
232
98
127
55
38
139
133
248
105
104
67
122
184
224
75
76
22
69
48
252
154
41
21
156
167
72
31
229
146
163
66
30
84
18
192
48
40
107
242
254
147
210
109
255
34
231
96
204
240
98
243
196
165
113
170
19
60
26
73
85
166
49
148
144
165
233
220
247
92
149
150
91
227
10
107
219
208
37
212
233
254
34
201
161
7
199
232
143
189
97
56
245
186
72
187
201
103
98
191
200
81
12
74
171
248
90
76
76
132
249
13
172
95
27
198
76
36
196
18
124
239
142
3
201
161
172
152
31
185
146
82
238
69
160
119
117
230
173
193
29
116
55
35
24
41
83
242
23
92
254
253
255
171
250
59
123
108
247
87
238
205
225
253
144
73
215
42
89
17
171
246
125
157
154
71
30
78
128
112
252
107
42
16
178
63
184
50
227
64
186
83
235
125
168
182
234
51
4
51
252
15
174
162
118
12
19
188
129
19
19
162
47
139
195
238
94
211
135
141
224
33
24
5
136
82
206
78
255
237
70
191
231
53
91
225
50
244
98
118
88
32
132
150
223
141
160
69
216
158
37
181
161
148
100
157
226
216
11
148
5
22
248
84
227
64
160
187
100
121
182
236
167
127
114
172
175
66
139
9
154
148
63
17
14
97
72
120
157
160
246
181
143
34
247
103
210
242
29
31
153
222
229
145
180
94
43
6
232
0
28
235
124
116
36
125
22
189
120
255
1
67
46
131
186
172
98
112
10
207
88
3
173
108
85
124
209
248
38
215
182
146
139
125
40
224
255
132
79
178
101
113
56
115
61
229
186
151
189
67
218
35
94
27
217
31
70
99
222
81
177
140
62
23
231
56
211
25
230
94
217
248
1
133
214
153
175
180
134
98
54
38
162
26
182
105
1
4
142
53
70
84
176
109
36
53
214
124
192
29
88
165
116
65
193
236
141
206
115
240
130
125
146
239
46
104
128
251
140
89
160
7
240
114
245
125
249
40
17
175
44
161
60
87
251
230
255
86
131
160
238
160
199
237
151
96
155
127
86
48
56
75
185
144
32
0
45
86
172
67
86
250
209
125
169
126
100
129
155
171
16
32
48
184
121
213
232
186
11
113
130
26
133
153
250
119
87
120
20
90
101
29
171
232
35
113
34
183
127
215
180
148
61
255
37
157
183
104
235
33
152
252
95
175
166
140
252
180
244
217
35
134
157
225
183
171
31
7
68
65
56
94
107
74
113
201
138
236
61
69
208
123
37
243
109
62
193
206
107
23
6
132
32
1
9
112
0
7
11
1
0
1
36
6
241
7
1
10
83
7
76
203
147
96
137
216
93
121
12
98
10
1
118
10
203
234
0
0
